% meter, meter, radian
trajectory = [
    0.0000, 0.0000, 0.0000;
    0.0000, 0.0000,   pi/2;
    0.0000, 0.1000,   pi/2;
    0.0000, 0.2000,   pi/2;
    0.0000, 0.3000,   pi/2;
    0.0046, 0.3521, 1.3963;
    0.0181, 0.4026, 1.2217;
    0.0402, 0.4500, 1.0472;
    0.0702, 0.4928, 0.8727;
    0.1072, 0.5298, 0.6981;
    0.1500, 0.5598, 0.5236;
    0.1974, 0.5819, 0.3491;
    0.2479, 0.5954, 0.1745;
    0.3000, 0.6000,      0;
    0.5500, 0.6000,      0;
    0.8000, 0.6000,      0;
    0.8521, 0.6046, 0.1745;
    0.9026, 0.6181, 0.3491;
    0.9500, 0.6402, 0.5236;
    0.9928, 0.6702, 0.6981;
    1.0298, 0.7072, 0.8727;
    1.0598, 0.7500, 1.0472;
    1.0819, 0.7974, 1.2217;
    1.0954, 0.8479, 1.3963;
    1.1000, 0.9000,   pi/2;
    1.1000, 1.0000,   pi/2;
    1.1000, 1.1000,   pi/2;
];


%%%
%d = [0, 10, 20, 30, 40, 50, 60, 70, 80, 90]
%r = deg2rad(d)
%t = [0.30 - 0.3*cos(r); 0.30 + 0.3*sin(r); pi/2 - r;]
%t = t'